-0.008488021404232438,0.019057224281702582,2.373741157054953
-0.00878893193337317,0.020252073461147425,2.538214123622349
-0.00923843542255637,0.022431176763662006,2.6738313306158457
-0.010077902942669581,0.025576835630409356,2.8476899469293273
-0.01096653226676181,0.02880758206088408,3.0266341450347514
-0.011414656560412649,0.030983460225672173,3.1620415292040542
-0.011706270042123292,0.03243769825237689,3.2939761318841336
-0.012237550985503042,0.03437291535874659,3.472597455849111
-0.012531145635993123,0.035831915841033124,3.6049827631902227
-0.013033057787028717,0.03771619423714219,3.7785320107990934
-0.013348293196053967,0.039226095039491926,3.9157469248110734
-0.013777653376166179,0.04079278639026694,4.094072115049581
-0.014027167596174447,0.04200290871149787,4.229631862869683
-0.014236704547078146,0.04300807815828664,4.3666426249446095
-0.014431210029004922,0.04397780253815148,4.49861020601452
-0.014678851468239211,0.04506688569125247,4.647665932375576
-0.013075246240046278,0.03853437942417689,4.808146498427298
-0.011834666859844587,0.03275556397199881,4.949124839981108
-0.009854385771398315,0.02553986467228545,5.127688905434851
-0.007746755494579196,0.018111016589239883,5.311985330445557
-0.005751931799351564,0.010870564085945549,5.491212758828096
-0.004519227858170982,0.005109405942280796,5.631739174299028
-0.0025401404607835183,-0.0021042566883916307,5.810248685818481
-0.0004401965925311278,-0.00952046566973623,5.994203906636614
0.0007111678937617976,-0.015095433907676049,6.129977673737393
0.0018614949784565326,-0.02066798081893634,6.265689785208294
0.003960944816575872,-0.02808337647859768,6.4496230553309735
0.005105999634235305,-0.03364359893120541,6.5850214009786185
0.0070936765707061145,-0.04087190049333854,6.76392311977714
0.00832175107622938,-0.04662264954551816,6.904183221663519
0.010320539467281004,-0.05386983149201449,7.083591097674865
0.032817663363556175,-0.06884191054076244,7.739320672126714
0.03404962040953406,-0.07460139080761814,7.879804154619772
0.06804842549069284,-0.020919085291338277,9.597819558528364
0.06987937832382726,-0.027874035180425746,9.769431709610064
0.07110542416946976,-0.033620215940161846,9.909574956323585
0.07368754322823606,-0.0417797464213763,10.113897194479652
0.07496280781068901,-0.047635588440769046,10.256849484602604
0.07631174814240783,-0.053651212241130744,10.403909782818918
0.07746858961987915,-0.059238943847683516,10.540008613895024
0.07861607298428464,-0.06480484718959369,10.675551575889191
0.08071220409137594,-0.07221477619068375,10.859337324426246
0.08268853813428315,-0.0794237382343221,11.037720942251182
0.08479222535870674,-0.08684610610690638,11.221842407306946
0.08679869852995145,-0.09410630879770895,11.401599557619488
0.08795064437794398,-0.09968263342032468,11.537407864785171
0.09003345330089918,-0.10707056460559992,11.720600298936276
0.09118127295674718,-0.11263725407733043,11.856163274799826
0.0932890342442111,-0.1200663173426048,12.04046551028874
0.0952654035749034,-0.1272753396553129,12.218850742135402
0.09735742787427018,-0.13467849654591355,12.402453783413234
0.0985082220047431,-0.14025213370653827,12.538193656057798
0.09965851107815799,-0.14582459187523747,12.673903507898284
0.10080426492959499,-0.15138645020378397,12.809343495306424
0.10291190976296016,-0.15881532219605407,12.99364056592582
0.10488426528294661,-0.16601748503330213,13.171842122100225
0.1061216915542284,-0.17178923856063344,13.312639693220884
0.1072690176375415,-0.17735477419125986,13.448173293889049
0.10842007248498113,-0.18292901984997845,13.583928661142167
0.11052023432537386,-0.1903455876416419,13.767893566090647
0.11249997856330468,-0.19756037106171118,13.946433098414177
0.11365619936704108,-0.20314665796756678,14.082495129794964
0.11575222884585899,-0.2105564194818134,14.266276359071188
0.11690593595268464,-0.21613685100160318,14.402189254844625
0.11899483556672322,-0.2235348498601564,14.5856531674498
0.12014204776340362,-0.22910011921494622,14.721179989226721
0.12129036652103783,-0.23466797517289867,14.856772663090004
0.12243541050260433,-0.24022817226255314,14.99217036312896
0.12358314879320681,-0.24579467154302787,15.127728496927336
0.12568677784403384,-0.25321694375465625,15.31184737954834
0.1276626814002899,-0.26042517050491015,15.490211306308236
0.12889482374554806,-0.2661850670940567,15.630705441344677
0.13004803604514276,-0.2717643451769541,15.766588961922727
0.1320208639898487,-0.27896731581006884,15.944812145988243
0.13326720222716568,-0.2847590032317548,16.086120070778207
0.13523986093886958,-0.29196168450790505,16.264335507539446
0.1363849699377449,-0.2975220337750338,16.39973708123054
0.1375303065113982,-0.30308291565868617,16.535152212704123
0.13876729390995068,-0.3088536854550729,16.67592460508588
0.13991514611268552,-0.3144204510030479,16.8114895177755
0.14189442419494833,-0.3216344390289449,16.990007745012264
0.14312620156974878,-0.32739351558493,17.130480897766283
0.14427172780592026,-0.33295484131017605,17.265907327391936
0.14542505971974212,-0.3385343982490625,17.401797949665575
0.14740053989037452,-0.34574190174056796,17.580142508164776
0.14863823064724307,-0.35151424801637937,17.720955251089645
0.1497836322463178,-0.35707528207485667,17.856374256215364
0.15093420370388475,-0.3626483994692158,17.992100893881787
0.15238351980518228,-0.36887392929264584,18.144586241918706
0.15411747067958245,-0.375652643695538,18.31153548423814
0.15537450925141108,-0.3814681596259217,18.453453832044335
0.15732845446374435,-0.3886387515165889,18.630810609248105
0.15847642600891987,-0.39420579600953287,18.766382623633312
0.16046391187299638,-0.4014337723477716,18.945275626714523
0.16161128676655634,-0.40699942209606127,19.08081213262179
0.1628435021122304,-0.4127594826896917,19.221310464114715
0.16399107768079157,-0.41832560158489224,19.356858913782744
0.1659742066559184,-0.42554615694167874,19.535553069387486
0.1672116498084358,-0.4313179483042997,19.67635160892118
0.16835676964370452,-0.4368783229342836,19.811753828220965
0.1703329060805984,-0.44408694746866784,19.990128407524246
0.1714014784037401,-0.44941752254680356,20.122020923497303
0.17245172863786357,-0.4544492923893602,20.25920066056013
0.1732915166180573,-0.45759551544375887,20.43309288342325
0.17338862740828112,-0.45808003571888567,20.564963413803085
0.1732845621480505,-0.4575790785824815,20.701509965781142
0.1728940682105826,-0.45563606300753673,20.833730695253
0.1717183608449876,-0.45123134334965054,21.00762323219602
0.1709871583407657,-0.4477182832538203,21.144428900094187
0.17331473991168445,-0.45549740741194994,21.338249344497203
0.17508849936968343,-0.4623491355374033,21.507127019973144
0.17623370589790224,-0.4679097130696395,21.642534404142445
0.21021471107118142,-0.4142073757736619,23.36081999528773
0.21171877156500069,-0.4205438916944289,23.516187340516034
0.21294783857947386,-0.4262968742126769,23.65650457877146
0.23737404538612683,-0.4407795443338413,24.34690624510606
0.23859441744745075,-0.4465129258792343,24.486722168213838
0.24003147187687968,-0.4527132687166661,24.638554805865343
0.24127530981696546,-0.45849937168579136,24.779719728330512
0.24325166503250747,-0.46570836989088754,24.958104314568484
0.24439962030335705,-0.4712753763459978,25.093675360540658
0.24582800337900276,-0.47745783281065074,25.245044773957215
0.24757907304501223,-0.48426806511282044,25.412825883073488
0.248733013997904,-0.48984904165140875,25.548752659433756
0.24995867335080793,-0.49559435159639875,25.68887363264748
0.2511148941545443,-0.5011806385022544,25.824935664028263
0.25309505515194725,-0.5083961329368292,26.00349424180814
0.2551952823860916,-0.5158128083706246,26.187462051995727
0.25634026677004207,-0.5213728659637439,26.322856201186887
0.25748848786898987,-0.5269404936988574,26.458443064571963
0.2588219262276333,-0.5329229163531403,26.6046482540786
0.26005657425313694,-0.5386884391483429,26.745286359852873
0.26139627546990013,-0.5446843014088514,26.891837595617258
0.2605596924349862,-0.5415437266394393,27.065393438904096
0.23785862469942495,-0.5636332198476711,28.627087602020726
0.23685844188218924,-0.5597648374171994,28.79576255636806
0.2359355818505063,-0.5554803357805064,28.93719831167861
0.23462768940693224,-0.550509851052037,29.108731166309205
0.23325601349443068,-0.5456696598622691,29.292832617495584
0.2325071984150839,-0.5420386561787284,29.428417221250243
0.23175858146368078,-0.5384081155625983,29.563983747961586
0.23038418237603112,-0.5335634485351826,29.748270488841946
0.2292108389038692,-0.5291628926611075,29.92198588471959
0.22802582295231233,-0.5249742662147727,30.10579100151734
0.22744424882636685,-0.522069773938819,30.237537156255524
0.226436363123549,-0.518517029553729,30.421823251527194
0.22595065072769815,-0.5160940464145946,30.553715453420345
0.22528006819742177,-0.5135792658563961,30.727444040653918
0.22490344307579022,-0.5118226068340612,30.868244839818026
0.22461261884861627,-0.5103702710532719,30.999999474713594
0.22410796940980998,-0.5084811706694063,31.174027380094877
0.22365146935000074,-0.5068689669262133,31.35798066408694
0.22339464592176805,-0.505930307751883,31.536027596980134
0.22334044600863429,-0.5056784700453957,31.677350370769965
0.22367825554671816,-0.5069402883829778,31.851738525800172
0.22479346586396068,-0.5106638564134095,32.04573748100592
0.22614159240037734,-0.516029445092604,32.209843288166525
0.22769662602523807,-0.5215157640397204,32.39397282333091
0.22904330761404662,-0.5265550350728126,32.56806291653302
0.2298481059939975,-0.5303142454836348,32.70866519102501
0.23052831555946357,-0.5337069330990313,32.84057812219177
0.2316994648393217,-0.5381036196153745,33.01412894020016
0.23243622732753627,-0.5416295182634954,33.15145786521698
0.23343830164095872,-0.5453949856633058,33.32485384183311
0.23402267039943572,-0.548306210098472,33.4569184735931
0.23503059439056018,-0.5518590173760136,33.64120811971256
0.23586846946780748,-0.555001870748813,33.81489964551756
0.23639499590065813,-0.5575209861059138,33.95226374748354
0.2371682501113463,-0.560341723927386,34.13063638996075
0.2375186472025558,-0.5620384109516054,34.266406606213735
0.23789423346228306,-0.5637927398564494,34.40701146314048
0.23818568708028184,-0.5652465928130542,34.53890963255179
0.23868954908563028,-0.5671343076640792,34.71279997093549
0.23914620078500587,-0.5687467610113566,34.89678424414467
0.2394819758144364,-0.5700050034664133,35.07063971965912
0.23969099932989857,-0.5710089859866557,35.20748119266624
0.2399498131099902,-0.5719510442826329,35.38622602855314
0.24004693492188284,-0.5724355911154027,35.51810409685065
0.24015168576495607,-0.5729381351033788,35.65510323796916
0.24031958286261243,-0.5735672732041998,35.828963738762056
0.24036939659800485,-0.5738090892721054,35.96440146653978
0.24036939659800485,-0.5738090892721054,36.14305011545633
0.24036939659800485,-0.5738090892721054,36.27494451590881
0.24031852723650626,-0.5735648176240539,36.41182098265181
0.240228674162678,-0.5732447704441833,36.594290012265965
0.240131742847659,-0.5727606828646655,36.726037737403665
0.2399638343699187,-0.5721315247269558,36.899904205714726
0.23985854007155985,-0.5716277269684317,37.037261083842935
0.239691863872379,-0.5710007432311295,37.21048023347359
0.23959444838364172,-0.5705154893725627,37.34255899882922
